real,predicted,difference,abs_difference,casual_real,casual_pred,casual_diff,casual_abs_diff,registered_real,registered_pred,registered_diff,registered_abs_diff
170,141,-29,29,14,15,1,1,156,126,-30,30
221,192,-29,29,23,14,-9,9,198,178,-20,20
248,214,-34,34,49,22,-27,27,199,192,-7,7
185,225,40,40,31,42,11,11,154,183,29,29
214,205,-9,9,35,34,-1,1,179,171,-8,8
344,347,3,3,31,36,5,5,313,311,-2,2
689,608,-81,81,37,30,-7,7,652,578,-74,74
678,595,-83,83,50,26,-24,24,628,569,-59,59
452,425,-27,27,28,29,1,1,424,396,-28,28
296,288,-8,8,16,22,6,6,280,266,-14,14
267,208,-59,59,29,14,-15,15,238,194,-44,44
202,191,-11,11,27,17,-10,10,175,174,-1,1
120,133,13,13,8,17,9,9,112,116,4,4
50,77,27,27,10,9,-1,1,40,68,28,28
24,28,4,4,5,7,2,2,19,21,2,2
10,14,4,4,3,5,2,2,7,9,2,2
3,8,5,5,0,3,3,3,3,5,2,2
7,7,0,0,1,2,1,1,6,5,-1,1
26,32,6,6,1,1,0,0,25,31,6,6
122,107,-15,15,2,3,1,1,120,104,-16,16
357,348,-9,9,8,7,-1,1,349,341,-8,8
687,684,-3,3,31,17,-14,14,656,667,11,11
382,369,-13,13,27,36,9,9,355,333,-22,22
204,211,7,7,21,36,15,15,183,175,-8,8
221,225,4,4,42,29,-13,13,179,196,17,17
292,273,-19,19,52,44,-8,8,240,229,-11,11
294,279,-15,15,64,55,-9,9,230,224,-6,6
262,265,3,3,63,64,1,1,199,201,2,2
306,275,-31,31,51,60,9,9,255,215,-40,40
421,391,-30,30,48,52,4,4,373,339,-34,34
638,663,25,25,57,44,-13,13,581,619,38,38
522,538,16,16,32,43,11,11,490,495,5,5
374,368,-6,6,38,23,-15,15,336,345,9,9
221,252,31,31,14,19,5,5,207,233,26,26
156,174,18,18,23,15,-8,8,133,159,26,26
149,136,-13,13,14,17,3,3,135,119,-16,16
119,113,-6,6,11,12,1,1,108,101,-7,7
108,88,-20,20,9,9,0,0,99,79,-20,20
89,76,-13,13,6,7,1,1,83,69,-14,14
46,66,20,20,10,5,-5,5,36,61,25,25
28,23,-5,5,6,7,1,1,22,16,-6,6
16,13,-3,3,8,4,-4,4,8,9,1,1
9,19,10,10,1,6,5,5,8,13,5,5
21,32,11,11,4,4,0,0,17,28,11,11
59,52,-7,7,1,10,9,9,58,42,-16,16
142,146,4,4,10,12,2,2,132,134,2,2
219,218,-1,1,31,23,-8,8,188,195,7,7
328,286,-42,42,68,48,-20,20,260,238,-22,22
340,368,28,28,56,85,29,29,284,283,-1,1
394,392,-2,2,74,76,2,2,320,316,-4,4
449,387,-62,62,110,83,-27,27,339,304,-35,35
455,410,-45,45,136,105,-31,31,319,305,-14,14
448,400,-48,48,117,114,-3,3,331,286,-45,45
400,406,6,6,108,97,-11,11,292,309,17,17
410,334,-76,76,112,81,-31,31,298,253,-45,45
297,291,-6,6,58,63,5,5,239,228,-11,11
239,254,15,15,22,42,20,20,217,212,-5,5
181,197,16,16,23,19,-4,4,158,178,20,20
166,147,-19,19,31,17,-14,14,135,130,-5,5
146,133,-13,13,13,19,6,6,133,114,-19,19
148,123,-25,25,15,14,-1,1,133,109,-24,24
102,112,10,10,5,11,6,6,97,101,4,4
165,79,-86,86,26,5,-21,21,139,74,-65,65
37,112,75,75,6,14,8,8,31,98,67,67
11,23,12,12,1,7,6,6,10,16,6,6
9,7,-2,2,2,3,1,1,7,4,-3,3
5,9,4,4,0,1,1,1,5,8,3,3
16,18,2,2,2,3,1,1,14,15,1,1
50,35,-15,15,11,5,-6,6,39,30,-9,9
149,116,-33,33,34,20,-14,14,115,96,-19,19
217,216,-1,1,56,49,-7,7,161,167,6,6
360,331,-29,29,73,104,31,31,287,227,-60,60
445,424,-21,21,134,97,-37,37,311,327,16,16
504,491,-13,13,150,147,-3,3,354,344,-10,10
493,505,12,12,122,167,45,45,371,338,-33,33
509,470,-39,39,149,136,-13,13,360,334,-26,26
449,461,12,12,149,136,-13,13,300,325,25,25
435,420,-15,15,119,130,11,11,316,290,-26,26
327,396,69,69,57,87,30,30,270,309,39,39
237,255,18,18,31,37,6,6,206,218,12,12
227,188,-39,39,24,19,-5,5,203,169,-34,34
141,172,31,31,7,14,7,7,134,158,24,24
87,122,35,35,16,13,-3,3,71,109,38,38
79,75,-4,4,15,11,-4,4,64,64,0,0
53,71,18,18,12,13,1,1,41,58,17,17
23,48,25,25,3,20,17,17,20,28,8,8
8,36,28,28,0,15,15,15,8,21,13,13
6,22,16,16,2,13,11,11,4,9,5,5
4,20,16,16,1,15,14,14,3,5,2,2
16,19,3,3,5,14,9,9,11,5,-6,6
39,29,-10,10,1,9,8,8,38,20,-18,18
139,130,-9,9,4,3,-1,1,135,127,-8,8
461,433,-28,28,8,8,0,0,453,425,-28,28
648,672,24,24,19,19,0,0,629,653,24,24
257,285,28,28,18,25,7,7,239,260,21,21
142,158,16,16,30,26,-4,4,112,132,20,20
150,183,33,33,31,36,5,5,119,147,28,28
244,203,-41,41,38,34,-4,4,206,169,-37,37
222,248,26,26,39,40,1,1,183,208,25,25
196,222,26,26,31,42,11,11,165,180,15,15
231,214,-17,17,24,32,8,8,207,182,-25,25
360,334,-26,26,35,23,-12,12,325,311,-14,14
638,622,-16,16,34,32,-2,2,604,590,-14,14
542,566,24,24,19,24,5,5,523,542,19,19
372,363,-9,9,11,14,3,3,361,349,-12,12
241,243,2,2,13,8,-5,5,228,235,7,7
152,172,20,20,8,7,-1,1,144,165,21,21
115,105,-10,10,4,6,2,2,111,99,-12,12
53,72,19,19,0,7,7,7,53,65,12,12
19,17,-2,2,1,0,-1,1,18,17,-1,1
8,9,1,1,0,1,1,1,8,8,0,0
2,4,2,2,0,0,0,0,2,4,2,2
4,4,0,0,0,1,1,1,4,3,-1,1
7,7,0,0,0,2,2,2,7,5,-2,2
41,27,-14,14,1,1,0,0,40,26,-14,14
149,155,6,6,6,3,-3,3,143,152,9,9
387,446,59,59,9,8,-1,1,378,438,60,60
588,717,129,129,20,14,-6,6,568,703,135,135
363,287,-76,76,25,19,-6,6,338,268,-70,70
230,180,-50,50,41,25,-16,16,189,155,-34,34
216,229,13,13,39,38,-1,1,177,191,14,14
248,256,8,8,31,37,6,6,217,219,2,2
278,229,-49,49,46,32,-14,14,232,197,-35,35
240,231,-9,9,44,38,-6,6,196,193,-3,3
272,251,-21,21,45,36,-9,9,227,215,-12,12
402,371,-31,31,33,38,5,5,369,333,-36,36
627,714,87,87,30,33,3,3,597,681,84,84
497,538,41,41,20,19,-1,1,477,519,42,42
371,359,-12,12,15,13,-2,2,356,346,-10,10
228,256,28,28,10,8,-2,2,218,248,30,30
151,162,11,11,14,7,-7,7,137,155,18,18
153,108,-45,45,17,7,-10,10,136,101,-35,35
205,89,-116,116,19,8,-11,11,186,81,-105,105
283,109,-174,174,49,8,-41,41,234,101,-133,133
92,150,58,58,6,18,12,12,86,132,46,46
74,44,-30,30,6,6,0,0,68,38,-30,30
11,31,20,20,2,2,0,0,9,29,20,20
9,6,-3,3,0,1,1,1,9,5,-4,4
27,31,4,4,0,1,1,1,27,30,3,3
118,107,-11,11,3,3,0,0,115,104,-11,11
319,347,28,28,5,6,1,1,314,341,27,27
601,573,-28,28,18,13,-5,5,583,560,-23,23
368,321,-47,47,17,18,1,1,351,303,-48,48
178,169,-9,9,27,20,-7,7,151,149,-2,2
147,189,42,42,15,31,16,16,132,158,26,26
212,187,-25,25,24,19,-5,5,188,168,-20,20
181,209,28,28,23,21,-2,2,158,188,30,30
161,162,1,1,19,20,1,1,142,142,0,0
198,182,-16,16,20,19,-1,1,178,163,-15,15
273,319,46,46,23,20,-3,3,250,299,49,49
517,507,-10,10,16,19,3,3,501,488,-13,13
465,486,21,21,17,13,-4,4,448,473,25,25
319,318,-1,1,17,11,-6,6,302,307,5,5
256,219,-37,37,7,10,3,3,249,209,-40,40
126,175,49,49,5,6,1,1,121,169,48,48
60,76,16,16,4,3,-1,1,56,73,17,17
40,38,-2,2,3,2,-1,1,37,36,-1,1
15,30,15,15,1,3,2,2,14,27,13,13
12,14,2,2,1,1,0,0,11,13,2,2
6,17,11,11,1,2,1,1,5,15,10,10
10,7,-3,3,1,1,0,0,9,6,-3,3
35,22,-13,13,0,1,1,1,35,21,-14,14
124,131,7,7,2,2,0,0,122,129,7,7
423,322,-101,101,12,5,-7,7,411,317,-94,94
668,627,-41,41,16,14,-2,2,652,613,-39,39
275,405,130,130,22,22,0,0,253,383,130,130
161,194,33,33,13,26,13,13,148,168,20,20
171,188,17,17,16,19,3,3,155,169,14,14
235,210,-25,25,33,19,-14,14,202,191,-11,11
228,227,-1,1,33,32,-1,1,195,195,0,0
182,219,37,37,33,35,2,2,149,184,35,35
233,202,-31,31,32,34,2,2,201,168,-33,33
339,298,-41,41,18,33,15,15,321,265,-56,56
592,561,-31,31,36,23,-13,13,556,538,-18,18
507,507,0,0,16,22,6,6,491,485,-6,6
373,382,9,9,14,17,3,3,359,365,6,6
245,258,13,13,10,12,2,2,235,246,11,11
233,187,-46,46,11,8,-3,3,222,179,-43,43
161,169,8,8,14,8,-6,6,147,161,14,14
87,101,14,14,5,9,4,4,82,92,10,10
55,55,0,0,9,5,-4,4,46,50,4,4
20,30,10,10,3,4,1,1,17,26,9,9
12,11,-1,1,1,2,1,1,11,9,-2,2
9,7,-2,2,3,1,-2,2,6,6,0,0
14,6,-8,8,0,1,1,1,14,5,-9,9
27,36,9,9,2,1,-1,1,25,35,10,10
131,104,-27,27,5,3,-2,2,126,101,-25,25
341,348,7,7,9,8,-1,1,332,340,8,8
693,613,-80,80,25,16,-9,9,668,597,-71,71
327,343,16,16,23,28,5,5,304,315,11,11
197,176,-21,21,34,30,-4,4,163,146,-17,17
251,228,-23,23,66,37,-29,29,185,191,6,6
262,298,36,36,48,69,21,21,214,229,15,15
299,267,-32,32,62,60,-2,2,237,207,-30,30
274,272,-2,2,67,63,-4,4,207,209,2,2
356,296,-60,60,78,68,-10,10,278,228,-50,50
434,419,-15,15,57,66,9,9,377,353,-24,24
654,594,-60,60,61,53,-8,8,593,541,-52,52
496,517,21,21,46,42,-4,4,450,475,25,25
361,343,-18,18,30,31,1,1,331,312,-19,19
255,249,-6,6,20,21,1,1,235,228,-7,7
199,195,-4,4,23,15,-8,8,176,180,4,4
163,142,-21,21,17,15,-2,2,146,127,-19,19
162,107,-55,55,20,10,-10,10,142,97,-45,45
122,108,-14,14,16,12,-4,4,106,96,-10,10
76,81,5,5,8,9,1,1,68,72,4,4
44,55,11,11,2,6,4,4,42,49,7,7
20,25,5,5,9,3,-6,6,11,22,11,11
6,10,4,4,2,3,1,1,4,7,3,3
10,15,5,5,1,2,1,1,9,13,4,4
16,32,16,16,5,3,-2,2,11,29,18,18
71,44,-27,27,14,8,-6,6,57,36,-21,21
146,160,14,14,16,27,11,11,130,133,3,3
259,224,-35,35,43,32,-11,11,216,192,-24,24
350,332,-18,18,86,64,-22,22,264,268,4,4
466,428,-38,38,143,136,-7,7,323,292,-31,31
606,519,-87,87,258,158,-100,100,348,361,13,13
651,585,-66,66,268,251,-17,17,383,334,-49,49
627,618,-9,9,280,273,-7,7,347,345,-2,2
567,621,54,54,216,300,84,84,351,321,-30,30
605,547,-58,58,227,211,-16,16,378,336,-42,42
501,519,18,18,183,183,0,0,318,336,18,18
359,360,1,1,103,98,-5,5,256,262,6,6
283,285,2,2,55,59,4,4,228,226,-2,2
192,228,36,36,39,39,0,0,153,189,36,36
220,165,-55,55,51,29,-22,22,169,136,-33,33
193,175,-18,18,39,30,-9,9,154,145,-9,9
146,153,7,7,26,25,-1,1,120,128,8,8
124,110,-14,14,14,17,3,3,110,93,-17,17
108,93,-15,15,26,10,-16,16,82,83,1,1
70,76,6,6,12,15,3,3,58,61,3,3
48,35,-13,13,9,9,0,0,39,26,-13,13
11,19,8,8,5,3,-2,2,6,16,10,10
12,10,-2,2,0,2,2,2,12,8,-4,4
19,30,11,11,3,3,0,0,16,27,11,11
68,47,-21,21,12,8,-4,4,56,39,-17,17
119,141,22,22,32,22,-10,10,87,119,32,32
273,200,-73,73,94,54,-40,40,179,146,-33,33
405,390,-15,15,133,146,13,13,272,244,-28,28
504,484,-20,20,180,171,-9,9,324,313,-11,11
585,572,-13,13,195,206,11,11,390,366,-24,24
686,592,-94,94,262,223,-39,39,424,369,-55,55
654,643,-11,11,292,258,-34,34,362,385,23,23
724,607,-117,117,304,271,-33,33,420,336,-84,84
653,635,-18,18,260,262,2,2,393,373,-20,20
493,586,93,93,151,224,73,73,342,362,20,20
405,376,-29,29,102,77,-25,25,303,299,-4,4
277,301,24,24,69,57,-12,12,208,244,36,36
200,203,3,3,54,42,-12,12,146,161,15,15
171,153,-18,18,44,32,-12,12,127,121,-6,6
134,132,-2,2,21,29,8,8,113,103,-10,10
109,101,-8,8,16,16,0,0,93,85,-8,8
49,78,29,29,6,10,4,4,43,68,25,25
30,36,6,6,4,5,1,1,26,31,5,5
20,20,0,0,6,3,-3,3,14,17,3,3
4,12,8,8,1,3,2,2,3,9,6,6
4,5,1,1,1,1,0,0,3,4,1,1
24,14,-10,10,1,2,1,1,23,12,-11,11
71,65,-6,6,7,2,-5,5,64,63,-1,1
264,165,-99,99,16,12,-4,4,248,153,-95,95
540,453,-87,87,50,29,-21,21,490,424,-66,66
397,345,-52,52,60,68,8,8,337,277,-60,60
266,310,44,44,82,96,14,14,184,214,30,30
367,320,-47,47,112,110,-2,2,255,210,-45,45
419,414,-5,5,105,111,6,6,314,303,-11,11
420,427,7,7,108,105,-3,3,312,322,10,10
444,390,-54,54,134,96,-38,38,310,294,-16,16
382,407,25,25,102,110,8,8,280,297,17,17
434,419,-15,15,87,89,2,2,347,330,-17,17
596,551,-45,45,66,67,1,1,530,484,-46,46
551,520,-31,31,65,53,-12,12,486,467,-19,19
353,399,46,46,30,42,12,12,323,357,34,34
304,255,-49,49,31,24,-7,7,273,231,-42,42
155,191,36,36,10,17,7,7,145,174,29,29
112,122,10,10,12,12,0,0,100,110,10,10
63,77,14,14,1,9,8,8,62,68,6,6
23,36,13,13,5,3,-2,2,18,33,15,15
5,7,2,2,0,1,1,1,5,6,1,1
11,4,-7,7,7,0,-7,7,4,4,0,0
5,3,-2,2,2,2,0,0,3,1,-2,2
9,5,-4,4,0,1,1,1,9,4,-5,5
18,25,7,7,0,1,1,1,18,24,6,6
50,71,21,21,2,2,0,0,48,69,21,21
107,128,21,21,1,5,4,4,106,123,17,17
211,191,-20,20,4,4,0,0,207,187,-20,20
110,190,80,80,1,5,4,4,109,185,76,76
94,79,-15,15,10,5,-5,5,84,74,-10,10
155,136,-19,19,22,16,-6,6,133,120,-13,13
196,211,15,15,16,23,7,7,180,188,8,8
218,210,-8,8,30,21,-9,9,188,189,1,1
203,208,5,5,34,29,-5,5,169,179,10,10
217,229,12,12,33,34,1,1,184,195,11,11
310,363,53,53,28,35,7,7,282,328,46,46
608,571,-37,37,33,30,-3,3,575,541,-34,34
559,503,-56,56,45,24,-21,21,514,479,-35,35
356,359,3,3,12,26,14,14,344,333,-11,11
223,251,28,28,12,13,1,1,211,238,27,27
187,155,-32,32,9,7,-2,2,178,148,-30,30
135,131,-4,4,15,7,-8,8,120,124,4,4
84,76,-8,8,6,7,1,1,78,69,-9,9
24,36,12,12,4,4,0,0,20,32,12,12
12,9,-3,3,2,2,0,0,10,7,-3,3
1,6,5,5,0,2,2,2,1,4,3,3
5,3,-2,2,0,1,1,1,5,2,-3,3
6,5,-1,1,0,0,0,0,6,5,-1,1
39,24,-15,15,0,0,0,0,39,24,-15,15
146,130,-16,16,4,2,-2,2,142,128,-14,14
415,412,-3,3,10,7,-3,3,405,405,0,0
691,646,-45,45,27,12,-15,15,664,634,-30,30
332,310,-22,22,22,23,1,1,310,287,-23,23
171,163,-8,8,18,23,5,5,153,140,-13,13
151,181,30,30,25,23,-2,2,126,158,32,32
240,189,-51,51,40,23,-17,17,200,166,-34,34
214,216,2,2,32,34,2,2,182,182,0,0
181,201,20,20,20,34,14,14,161,167,6,6
260,207,-53,53,32,24,-8,8,228,183,-45,45
321,334,13,13,31,25,-6,6,290,309,19,19
583,578,-5,5,19,27,8,8,564,551,-13,13
567,518,-49,49,24,17,-7,7,543,501,-42,42
396,352,-44,44,28,11,-17,17,368,341,-27,27
267,270,3,3,15,15,0,0,252,255,3,3
213,190,-23,23,5,10,5,5,208,180,-28,28
173,150,-23,23,6,5,-1,1,167,145,-22,22
87,101,14,14,9,3,-6,6,78,98,20,20
34,41,7,7,1,4,3,3,33,37,4,4
16,16,0,0,2,1,-1,1,14,15,1,1
7,8,1,1,0,1,1,1,7,7,0,0
2,6,4,4,0,1,1,1,2,5,3,3
5,6,1,1,0,1,1,1,5,5,0,0
37,31,-6,6,3,1,-2,2,34,30,-4,4
147,140,-7,7,1,4,3,3,146,136,-10,10
410,418,8,8,7,5,-2,2,403,413,10,10
646,694,48,48,21,15,-6,6,625,679,54,54
323,309,-14,14,17,23,6,6,306,286,-20,20
153,158,5,5,11,18,7,7,142,140,-2,2
166,172,6,6,28,15,-13,13,138,157,19,19
213,210,-3,3,29,31,2,2,184,179,-5,5
217,211,-6,6,20,31,11,11,197,180,-17,17
201,197,-4,4,27,23,-4,4,174,174,0,0
217,221,4,4,26,28,2,2,191,193,2,2
342,302,-40,40,24,24,0,0,318,278,-40,40
563,594,31,31,22,20,-2,2,541,574,33,33
573,513,-60,60,10,15,5,5,563,498,-65,65
386,367,-19,19,11,10,-1,1,375,357,-18,18
285,261,-24,24,23,8,-15,15,262,253,-9,9
224,203,-21,21,20,10,-10,10,204,193,-11,11
153,165,12,12,10,12,2,2,143,153,10,10
125,96,-29,29,7,6,-1,1,118,90,-28,28
65,75,10,10,7,5,-2,2,58,70,12,12
21,30,9,9,5,3,-2,2,16,27,11,11
9,10,1,1,0,2,2,2,9,8,-1,1
6,5,-1,1,0,1,1,1,6,4,-2,2
5,7,2,2,0,1,1,1,5,6,1,1
36,31,-5,5,2,1,-1,1,34,30,-4,4
130,139,9,9,4,4,0,0,126,135,9,9
367,343,-24,24,5,9,4,4,362,334,-28,28
711,664,-47,47,17,16,-1,1,694,648,-46,46
351,353,2,2,21,24,3,3,330,329,-1,1
198,178,-20,20,33,24,-9,9,165,154,-11,11
218,229,11,11,33,41,8,8,185,188,3,3
290,264,-26,26,28,42,14,14,262,222,-40,40
278,268,-10,10,52,34,-18,18,226,234,8,8
251,251,0,0,47,52,5,5,204,199,-5,5
267,271,4,4,30,53,23,23,237,218,-19,19
383,357,-26,26,33,35,2,2,350,322,-28,28
580,541,-39,39,41,32,-9,9,539,509,-30,30
505,470,-35,35,22,26,4,4,483,444,-39,39
332,348,16,16,26,18,-8,8,306,330,24,24
227,233,6,6,20,16,-4,4,207,217,10,10
178,177,-1,1,21,15,-6,6,157,162,5,5
162,139,-23,23,23,13,-10,10,139,126,-13,13
128,117,-11,11,14,13,-1,1,114,104,-10,10
106,93,-13,13,11,10,-1,1,95,83,-12,12
87,74,-13,13,13,7,-6,6,74,67,-7,7
49,57,8,8,8,6,-2,2,41,51,10,10
21,24,3,3,2,5,3,3,19,19,0,0
7,8,1,1,1,1,0,0,6,7,1,1
11,17,6,6,1,1,0,0,10,16,6,6
21,33,12,12,0,3,3,3,21,30,9,9
78,60,-18,18,8,4,-4,4,70,56,-14,14
168,191,23,23,30,19,-11,11,138,172,34,34
248,241,-7,7,48,46,-2,2,200,195,-5,5
320,325,5,5,62,80,18,18,258,245,-13,13
423,389,-34,34,80,100,20,20,343,289,-54,54
476,478,2,2,117,115,-2,2,359,363,4,4
525,455,-70,70,179,125,-54,54,346,330,-16,16
555,499,-56,56,175,187,12,12,380,312,-68,68
549,510,-39,39,175,180,5,5,374,330,-44,44
469,487,18,18,144,155,11,11,325,332,7,7
403,401,-2,2,101,120,19,19,302,281,-21,21
271,289,18,18,34,59,25,25,237,230,-7,7
253,230,-23,23,45,30,-15,15,208,200,-8,8
172,189,17,17,30,27,-3,3,142,162,20,20
139,142,3,3,15,20,5,5,124,122,-2,2
145,123,-22,22,15,13,-2,2,130,110,-20,20
133,118,-15,15,19,11,-8,8,114,107,-7,7
129,101,-28,28,11,11,0,0,118,90,-28,28
95,91,-4,4,14,8,-6,6,81,83,2,2
73,69,-4,4,8,9,1,1,65,60,-5,5
46,37,-9,9,9,5,-4,4,37,32,-5,5
12,18,6,6,4,3,-1,1,8,15,7,7
12,11,-1,1,5,2,-3,3,7,9,2,2
15,22,7,7,2,4,2,2,13,18,5,5
42,34,-8,8,3,6,3,3,39,28,-11,11
119,108,-11,11,19,15,-4,4,100,93,-7,7
204,202,-2,2,49,45,-4,4,155,157,2,2
329,285,-44,44,79,79,0,0,250,206,-44,44
359,420,61,61,92,120,28,28,267,300,33,33
442,414,-28,28,101,105,4,4,341,309,-32,32
447,446,-1,1,113,108,-5,5,334,338,4,4
428,429,1,1,125,114,-11,11,303,315,12,12
407,406,-1,1,89,121,32,32,318,285,-33,33
372,373,1,1,59,78,19,19,313,295,-18,18
280,323,43,43,48,43,-5,5,232,280,48,48
276,227,-49,49,36,38,2,2,240,189,-51,51
210,228,18,18,16,28,12,12,194,200,6,6
129,161,32,32,9,18,9,9,120,143,23,23
110,109,-1,1,17,9,-8,8,93,100,7,7
74,92,18,18,8,12,4,4,66,80,14,14
59,66,7,7,6,9,3,3,53,57,4,4
27,36,9,9,5,5,0,0,22,31,9,9
19,15,-4,4,0,3,3,3,19,12,-7,7
5,14,9,9,0,2,2,2,5,12,7,7
2,9,7,7,0,1,1,1,2,8,6,6
12,6,-6,6,1,1,0,0,11,5,-6,6
39,24,-15,15,1,2,1,1,38,22,-16,16
131,133,2,2,3,3,0,0,128,130,2,2
386,359,-27,27,5,7,2,2,381,352,-29,29
663,638,-25,25,13,13,0,0,650,625,-25,25
278,286,8,8,18,20,2,2,260,266,6,6
139,150,11,11,33,27,-6,6,106,123,17,17
197,180,-17,17,33,39,6,6,164,141,-23,23
242,256,14,14,35,41,6,6,207,215,8,8
251,245,-6,6,46,42,-4,4,205,203,-2,2
217,241,24,24,47,51,4,4,170,190,20,20
257,242,-15,15,44,54,10,10,213,188,-25,25
380,353,-27,27,55,48,-7,7,325,305,-20,20
619,624,5,5,33,46,13,13,586,578,-8,8
580,543,-37,37,21,29,8,8,559,514,-45,45
406,369,-37,37,25,17,-8,8,381,352,-29,29
259,261,2,2,7,15,8,8,252,246,-6,6
203,187,-16,16,15,9,-6,6,188,178,-10,10
113,138,25,25,7,9,2,2,106,129,23,23
74,66,-8,8,2,6,4,4,72,60,-12,12
29,34,5,5,3,3,0,0,26,31,5,5
13,12,-1,1,3,1,-2,2,10,11,1,1
5,7,2,2,0,2,2,2,5,5,0,0
2,5,3,3,0,1,1,1,2,4,2,2
6,7,1,1,0,1,1,1,6,6,0,0
34,28,-6,6,2,1,-1,1,32,27,-5,5
148,144,-4,4,2,3,1,1,146,141,-5,5
418,452,34,34,7,6,-1,1,411,446,35,35
665,702,37,37,16,14,-2,2,649,688,39,39
326,309,-17,17,28,18,-10,10,298,291,-7,7
176,165,-11,11,32,29,-3,3,144,136,-8,8
205,195,-10,10,45,34,-11,11,160,161,1,1
313,251,-62,62,70,42,-28,28,243,209,-34,34
267,277,10,10,49,62,13,13,218,215,-3,3
224,238,14,14,47,51,4,4,177,187,10,10
287,246,-41,41,61,44,-17,17,226,202,-24,24
395,385,-10,10,60,49,-11,11,335,336,1,1
590,637,47,47,37,48,11,11,553,589,36,36
550,559,9,9,16,26,10,10,534,533,-1,1
384,369,-15,15,23,16,-7,7,361,353,-8,8
235,259,24,24,11,12,1,1,224,247,23,23
157,175,18,18,14,9,-5,5,143,166,23,23
122,114,-8,8,7,9,2,2,115,105,-10,10
83,77,-6,6,1,6,5,5,82,71,-11,11
26,37,11,11,1,1,0,0,25,36,11,11
14,12,-2,2,1,1,0,0,13,11,-2,2
8,6,-2,2,2,0,-2,2,6,6,0,0
2,5,3,3,0,1,1,1,2,4,2,2
10,5,-5,5,0,1,1,1,10,4,-6,6
29,33,4,4,1,1,0,0,28,32,4,4
101,113,12,12,2,3,1,1,99,110,11,11
273,309,36,36,11,5,-6,6,262,304,42,42
551,575,24,24,12,20,8,8,539,555,16,16
365,318,-47,47,45,18,-27,27,320,300,-20,20
172,193,21,21,22,43,21,21,150,150,0,0
241,202,-39,39,43,34,-9,9,198,168,-30,30
344,283,-61,61,74,46,-28,28,270,237,-33,33
365,295,-70,70,70,61,-9,9,295,234,-61,61
413,297,-116,116,84,67,-17,17,329,230,-99,99
449,357,-92,92,68,70,2,2,381,287,-94,94
469,438,-31,31,59,59,0,0,410,379,-31,31
374,636,262,262,41,52,11,11,333,584,251,251
311,505,194,194,24,32,8,8,287,473,186,186
243,265,22,22,23,17,-6,6,220,248,28,28
136,184,48,48,11,13,2,2,125,171,46,46
105,111,6,6,8,9,1,1,97,102,5,5
88,83,-5,5,6,6,0,0,82,77,-5,5
57,54,-3,3,7,5,-2,2,50,49,-1,1
46,32,-14,14,3,4,1,1,43,28,-15,15
42,27,-15,15,5,2,-3,3,37,25,-12,12
18,22,4,4,3,2,-1,1,15,20,5,5
6,7,1,1,0,1,1,1,6,6,0,0
3,4,1,1,1,0,-1,1,2,4,2,2
8,17,9,9,2,1,-1,1,6,16,10,10
17,36,19,19,2,3,1,1,15,33,18,18
56,57,1,1,7,5,-2,2,49,52,3,3
97,139,42,42,20,16,-4,4,77,123,46,46
119,172,53,53,25,33,8,8,94,139,45,45
219,173,-46,46,65,32,-33,33,154,141,-13,13
232,274,42,42,89,81,-8,8,143,193,50,50
262,320,58,58,117,117,0,0,145,203,58,58
269,302,33,33,125,117,-8,8,144,185,41,41
220,310,90,90,125,131,6,6,95,179,84,84
228,278,50,50,132,119,-13,13,96,159,63,63
182,306,124,124,101,110,9,9,81,196,115,115
109,228,119,119,66,79,13,13,43,149,106,106
70,116,46,46,16,50,34,34,54,66,12,12
44,91,47,47,13,23,10,10,31,68,37,37
52,47,-5,5,15,11,-4,4,37,36,-1,1
46,55,9,9,7,12,5,5,39,43,4,4
44,50,6,6,8,8,0,0,36,42,6,6
36,37,1,1,8,6,-2,2,28,31,3,3
32,26,-6,6,0,5,5,5,32,21,-11,11
13,23,10,10,2,2,0,0,11,21,10,10
5,9,4,4,1,1,0,0,4,8,4,4
1,5,4,4,1,1,0,0,0,4,4,4
4,4,0,0,1,1,0,0,3,3,0,0
10,19,9,9,0,1,1,1,10,18,8,8
20,48,28,28,0,2,2,2,20,46,26,26
77,86,9,9,5,5,0,0,72,81,9,9
94,188,94,94,11,12,1,1,83,176,93,93
112,138,26,26,32,18,-14,14,80,120,40,40
201,159,-42,42,87,43,-44,44,114,116,2,2
251,267,16,16,121,108,-13,13,130,159,29,29
379,324,-55,55,186,141,-45,45,193,183,-10,10
424,381,-43,43,224,191,-33,33,200,190,-10,10
435,414,-21,21,240,231,-9,9,195,183,-12,12
447,448,1,1,233,238,5,5,214,210,-4,4
357,465,108,108,158,204,46,46,199,261,62,62
300,430,130,130,117,110,-7,7,183,320,137,137
208,236,28,28,50,61,11,11,158,175,17,17
154,162,8,8,33,35,2,2,121,127,6,6
142,114,-28,28,42,25,-17,17,100,89,-11,11
98,105,7,7,23,27,4,4,75,78,3,3
79,76,-3,3,16,20,4,4,63,56,-7,7
67,51,-16,16,20,12,-8,8,47,39,-8,8
42,50,8,8,9,12,3,3,33,38,5,5
20,26,6,6,1,6,5,5,19,20,1,1
32,13,-19,19,10,2,-8,8,22,11,-11,11
11,12,1,1,6,4,-2,2,5,8,3,3
3,5,2,2,1,2,1,1,2,3,1,1
3,7,4,4,1,1,0,0,2,6,4,4
10,15,5,5,1,1,0,0,9,14,5,5
25,27,2,2,4,3,-1,1,21,24,3,3
62,70,8,8,7,10,3,3,55,60,5,5
122,104,-18,18,26,19,-7,7,96,85,-11,11
142,197,55,55,46,58,12,12,96,139,43,43
186,224,38,38,55,87,32,32,131,137,6,6
199,251,52,52,53,78,25,25,146,173,27,27
225,241,16,16,64,74,10,10,161,167,6,6
207,258,51,51,58,78,20,20,149,180,31,31
198,241,43,43,59,77,18,18,139,164,25,25
170,210,40,40,43,65,22,22,127,145,18,18
126,172,46,46,29,47,18,18,97,125,28,28
145,118,-27,27,22,20,-2,2,123,98,-25,25
83,115,32,32,9,17,8,8,74,98,24,24
58,75,17,17,3,11,8,8,55,64,9,9
75,56,-19,19,9,6,-3,3,66,50,-16,16
76,67,-9,9,7,7,0,0,69,60,-9,9
57,63,6,6,9,7,-2,2,48,56,8,8
34,42,8,8,3,6,3,3,31,36,5,5
36,22,-14,14,4,3,-1,1,32,19,-13,13
28,24,-4,4,1,3,2,2,27,21,-6,6
8,12,4,4,0,2,2,2,8,10,2,2
2,4,2,2,1,1,0,0,1,3,2,2
3,6,3,3,0,1,1,1,3,5,2,2
11,14,3,3,1,1,0,0,10,13,3,3
21,28,7,7,2,3,1,1,19,25,6,6
34,64,30,30,2,7,5,5,32,57,25,25
96,79,-17,17,13,11,-2,2,83,68,-15,15
139,162,23,23,15,37,22,22,124,125,1,1
204,202,-2,2,49,38,-11,11,155,164,9,9
202,250,48,48,37,60,23,23,165,190,25,25
195,234,39,39,37,50,13,13,158,184,26,26
203,205,2,2,33,42,9,9,170,163,-7,7
245,223,-22,22,36,39,3,3,209,184,-25,25
228,242,14,14,25,37,12,12,203,205,2,2
181,209,28,28,11,20,9,9,170,189,19,19
141,156,15,15,9,10,1,1,132,146,14,14
127,115,-12,12,13,7,-6,6,114,108,-6,6
119,90,-29,29,9,7,-2,2,110,83,-27,27
64,94,30,30,4,8,4,4,60,86,26,26
62,58,-4,4,3,4,1,1,59,54,-5,5
41,50,9,9,1,3,2,2,40,47,7,7
23,21,-2,2,4,1,-3,3,19,20,1,1
10,12,2,2,1,2,1,1,9,10,1,1
5,6,1,1,0,0,0,0,5,6,1,1
5,4,-1,1,1,0,-1,1,4,4,0,0
10,5,-5,5,0,1,1,1,10,4,-6,6
41,20,-21,21,0,1,1,1,41,19,-22,22
124,134,10,10,1,2,1,1,123,132,9,9
365,335,-30,30,2,4,2,2,363,331,-32,32
638,638,0,0,9,5,-4,4,629,633,4,4
286,277,-9,9,10,13,3,3,276,264,-12,12
147,140,-7,7,20,16,-4,4,127,124,-3,3
130,183,53,53,18,26,8,8,112,157,45,45
210,181,-29,29,22,24,2,2,188,157,-31,31
217,211,-6,6,20,27,7,7,197,184,-13,13
228,203,-25,25,51,25,-26,26,177,178,1,1
230,251,21,21,49,46,-3,3,181,205,24,24
346,328,-18,18,49,46,-3,3,297,282,-15,15
553,614,61,61,13,37,24,24,540,577,37,37
521,488,-33,33,19,15,-4,4,502,473,-29,29
371,340,-31,31,16,13,-3,3,355,327,-28,28
277,247,-30,30,12,10,-2,2,265,237,-28,28
181,193,12,12,9,9,0,0,172,184,12,12
104,122,18,18,3,7,4,4,101,115,14,14
65,57,-8,8,8,2,-6,6,57,55,-2,2
26,25,-1,1,2,4,2,2,24,21,-3,3
6,12,6,6,0,1,1,1,6,11,5,5
5,5,0,0,0,0,0,0,5,5,0,0
4,3,-1,1,1,0,-1,1,3,3,0,0
5,4,-1,1,0,0,0,0,5,4,-1,1
31,28,-3,3,0,1,1,1,31,27,-4,4
100,125,25,25,3,2,-1,1,97,123,26,26
293,218,-75,75,4,4,0,0,289,214,-75,75
500,510,10,10,6,7,1,1,494,503,9,9
268,273,5,5,11,10,-1,1,257,263,6,6
57,100,43,43,5,8,3,3,52,92,40,40
65,51,-14,14,6,5,-1,1,59,46,-13,13
76,71,-5,5,6,4,-2,2,70,67,-3,3
77,73,-4,4,4,6,2,2,73,67,-6,6
94,71,-23,23,8,2,-6,6,86,69,-17,17
155,130,-25,25,9,13,4,4,146,117,-29,29
257,256,-1,1,5,13,8,8,252,243,-9,9
527,502,-25,25,13,7,-6,6,514,495,-19,19
482,469,-13,13,13,8,-5,5,469,461,-8,8
350,327,-23,23,12,9,-3,3,338,318,-20,20
232,247,15,15,4,8,4,4,228,239,11,11
185,167,-18,18,6,4,-2,2,179,163,-16,16
97,120,23,23,2,3,1,1,95,117,22,22
67,54,-13,13,3,2,-1,1,64,52,-12,12
23,29,6,6,1,1,0,0,22,28,6,6
12,9,-3,3,0,0,0,0,12,9,-3,3
1,5,4,4,0,0,0,0,1,5,4,4
3,2,-1,1,0,0,0,0,3,2,-1,1
4,5,1,1,0,1,1,1,4,4,0,0
39,29,-10,10,0,1,1,1,39,28,-11,11
136,136,0,0,4,2,-2,2,132,134,2,2
409,406,-3,3,6,7,1,1,403,399,-4,4
692,569,-123,123,9,12,3,3,683,557,-126,126
322,305,-17,17,13,12,-1,1,309,293,-16,16
161,155,-6,6,17,15,-2,2,144,140,-4,4
146,164,18,18,19,20,1,1,127,144,17,17
208,182,-26,26,19,21,2,2,189,161,-28,28
214,188,-26,26,21,20,-1,1,193,168,-25,25
176,180,4,4,15,20,5,5,161,160,-1,1
179,196,17,17,7,17,10,10,172,179,7,7
325,280,-45,45,9,13,4,4,316,267,-49,49
563,547,-16,16,17,9,-8,8,546,538,-8,8
542,478,-64,64,12,12,0,0,530,466,-64,64
387,354,-33,33,9,10,1,1,378,344,-34,34
263,263,0,0,5,7,2,2,258,256,-2,2
223,189,-34,34,4,5,1,1,219,184,-35,35
154,156,2,2,6,3,-3,3,148,153,5,5
78,88,10,10,5,3,-2,2,73,85,12,12
29,38,9,9,4,2,-2,2,25,36,11,11
16,13,-3,3,1,2,1,1,15,11,-4,4
7,8,1,1,1,1,0,0,6,7,1,1
7,4,-3,3,0,0,0,0,7,4,-3,3
42,18,-24,24,0,0,0,0,42,18,-24,24
121,136,15,15,1,2,1,1,120,134,14,14
362,314,-48,48,8,3,-5,5,354,311,-43,43
679,546,-133,133,15,10,-5,5,664,536,-128,128
299,492,193,193,13,15,2,2,286,477,191,191
178,176,-2,2,25,17,-8,8,153,159,6,6
163,192,29,29,13,27,14,14,150,165,15,15
236,204,-32,32,11,21,10,10,225,183,-42,42
224,222,-2,2,15,19,4,4,209,203,-6,6
187,199,12,12,13,18,5,5,174,181,7,7
220,198,-22,22,19,18,-1,1,201,180,-21,21
370,278,-92,92,24,21,-3,3,346,257,-89,89
561,543,-18,18,17,16,-1,1,544,527,-17,17
537,506,-31,31,17,13,-4,4,520,493,-27,27
344,429,85,85,18,10,-8,8,326,419,93,93
252,251,-1,1,11,10,-1,1,241,241,0,0
208,190,-18,18,7,8,1,1,201,182,-19,19
151,164,13,13,4,6,2,2,147,158,11,11
130,113,-17,17,6,3,-3,3,124,110,-14,14
52,87,35,35,4,4,0,0,48,83,35,35
19,25,6,6,2,2,0,0,17,23,6,6
12,11,-1,1,2,1,-1,1,10,10,0,0
4,6,2,2,0,1,1,1,4,5,1,1
3,5,2,2,0,1,1,1,3,4,1,1
40,29,-11,11,1,1,0,0,39,28,-11,11
106,133,27,27,2,2,0,0,104,131,27,27
352,321,-31,31,6,5,-1,1,346,316,-30,30
729,632,-97,97,20,11,-9,9,709,621,-88,88
330,338,8,8,17,18,1,1,313,320,7,7
169,167,-2,2,10,22,12,12,159,145,-14,14
201,195,-6,6,31,17,-14,14,170,178,8,8
268,252,-16,16,25,33,8,8,243,219,-24,24
262,248,-14,14,21,28,7,7,241,220,-21,21
251,228,-23,23,26,26,0,0,225,202,-23,23
296,271,-25,25,34,27,-7,7,262,244,-18,18
405,393,-12,12,37,38,1,1,368,355,-13,13
582,539,-43,43,31,34,3,3,551,505,-46,46
509,452,-57,57,20,19,-1,1,489,433,-56,56
377,341,-36,36,18,15,-3,3,359,326,-33,33
245,259,14,14,12,13,1,1,233,246,13,13
183,186,3,3,14,10,-4,4,169,176,7,7
163,142,-21,21,18,10,-8,8,145,132,-13,13
110,121,11,11,11,9,-2,2,99,112,13,13
108,82,-26,26,9,8,-1,1,99,74,-25,25
69,74,5,5,5,6,1,1,64,68,4,4
50,50,0,0,3,3,0,0,47,47,0,0
15,24,9,9,1,2,1,1,14,22,8,8
5,6,1,1,0,1,1,1,5,5,0,0
13,16,3,3,1,0,-1,1,12,16,4,4
27,34,7,7,7,2,-5,5,20,32,12,12
63,64,1,1,7,9,2,2,56,55,-1,1
144,141,-3,3,11,16,5,5,133,125,-8,8
193,206,13,13,34,16,-18,18,159,190,31,31
256,233,-23,23,45,41,-4,4,211,192,-19,19
392,300,-92,92,74,64,-10,10,318,236,-82,82
446,400,-46,46,119,79,-40,40,327,321,-6,6
509,421,-88,88,123,117,-6,6,386,304,-82,82
479,449,-30,30,110,122,12,12,369,327,-42,42
484,428,-56,56,113,101,-12,12,371,327,-44,44
443,420,-23,23,89,86,-3,3,354,334,-20,20
320,358,38,38,50,70,20,20,270,288,18,18
297,240,-57,57,42,37,-5,5,255,203,-52,52
249,247,-2,2,30,26,-4,4,219,221,2,2
198,195,-3,3,28,18,-10,10,170,177,7,7
158,157,-1,1,23,16,-7,7,135,141,6,6
147,129,-18,18,17,14,-3,3,130,115,-15,15
126,119,-7,7,10,11,1,1,116,108,-8,8
117,98,-19,19,9,7,-2,2,108,91,-17,17
94,87,-7,7,10,5,-5,5,84,82,-2,2
74,70,-4,4,2,5,3,3,72,65,-7,7
25,42,17,17,4,2,-2,2,21,40,19,19
7,9,2,2,1,1,0,0,6,8,2,2
8,9,1,1,1,1,0,0,7,8,1,1
16,19,3,3,1,3,2,2,15,16,1,1
31,34,3,3,5,4,-1,1,26,30,4,4
93,72,-21,21,12,11,-1,1,81,61,-20,20
172,149,-23,23,37,23,-14,14,135,126,-9,9
293,245,-48,48,63,52,-11,11,230,193,-37,37
355,351,-4,4,81,77,-4,4,274,274,0,0
520,377,-143,143,111,82,-29,29,409,295,-114,114
431,480,49,49,84,99,15,15,347,381,34,34
473,414,-59,59,142,85,-57,57,331,329,-2,2
417,415,-2,2,106,109,3,3,311,306,-5,5
443,373,-70,70,85,83,-2,2,358,290,-68,68
303,328,25,25,59,48,-11,11,244,280,36,36
203,233,30,30,25,40,15,15,178,193,15,15
174,170,-4,4,16,20,4,4,158,150,-8,8
154,141,-13,13,12,14,2,2,142,127,-15,15
99,125,26,26,8,10,2,2,91,115,24,24
96,86,-10,10,11,7,-4,4,85,79,-6,6
51,77,26,26,7,7,0,0,44,70,26,26
21,35,14,14,3,4,1,1,18,31,13,13
13,17,4,4,2,2,0,0,11,15,4,4
10,10,0,0,1,1,0,0,9,9,0,0
8,7,-1,1,2,1,-1,1,6,6,0,0
5,6,1,1,1,1,0,0,4,5,1,1
38,22,-16,16,0,1,1,1,38,21,-17,17
138,134,-4,4,2,2,0,0,136,132,-4,4
396,421,25,25,9,5,-4,4,387,416,29,29
731,634,-97,97,19,14,-5,5,712,620,-92,92
308,319,11,11,19,24,5,5,289,295,6,6
136,175,39,39,31,27,-4,4,105,148,43,43
233,180,-53,53,51,34,-17,17,182,146,-36,36
268,286,18,18,40,51,11,11,228,235,7,7
321,271,-50,50,81,46,-35,35,240,225,-15,15
260,298,38,38,51,72,21,21,209,226,17,17
268,293,25,25,58,61,3,3,210,232,22,22
442,405,-37,37,45,60,15,15,397,345,-52,52
708,725,17,17,43,51,8,8,665,674,9,9
692,643,-49,49,26,29,3,3,666,614,-52,52
471,461,-10,10,27,19,-8,8,444,442,-2,2
300,296,-4,4,16,18,2,2,284,278,-6,6
221,203,-18,18,14,13,-1,1,207,190,-17,17
144,155,11,11,5,10,5,5,139,145,6,6
102,82,-20,20,9,6,-3,3,93,76,-17,17
55,55,0,0,6,5,-1,1,49,50,1,1
25,22,-3,3,3,3,0,0,22,19,-3,3
8,10,2,2,3,1,-2,2,5,9,4,4
4,6,2,2,1,1,0,0,3,5,2,2
7,6,-1,1,0,1,1,1,7,5,-2,2
46,29,-17,17,1,1,0,0,45,28,-17,17
153,159,6,6,3,2,-1,1,150,157,7,7
502,440,-62,62,7,8,1,1,495,432,-63,63
721,676,-45,45,21,14,-7,7,700,662,-38,38
336,319,-17,17,19,22,3,3,317,297,-20,20
156,174,18,18,26,24,-2,2,130,150,20,20
207,192,-15,15,24,29,5,5,183,163,-20,20
312,264,-48,48,39,29,-10,10,273,235,-38,38
272,283,11,11,39,39,0,0,233,244,11,11
270,247,-23,23,39,39,0,0,231,208,-23,23
300,290,-10,10,56,40,-16,16,244,250,6,6
435,426,-9,9,44,50,6,6,391,376,-15,15
743,762,19,19,43,37,-6,6,700,725,25,25
731,722,-9,9,38,28,-10,10,693,694,1,1
460,487,27,27,46,23,-23,23,414,464,50,50
306,323,17,17,34,26,-8,8,272,297,25,25
280,221,-59,59,28,22,-6,6,252,199,-53,53
181,190,9,9,26,18,-8,8,155,172,17,17
96,113,17,17,5,15,10,10,91,98,7,7
37,57,20,20,6,5,-1,1,31,52,21,21
11,17,6,6,0,2,2,2,11,15,4,4
9,6,-3,3,2,1,-1,1,7,5,-2,2
7,5,-2,2,0,1,1,1,7,4,-3,3
10,7,-3,3,1,1,0,0,9,6,-3,3
49,36,-13,13,1,1,0,0,48,35,-13,13
124,140,16,16,5,3,-2,2,119,137,18,18
398,240,-158,158,9,8,-1,1,389,232,-157,157
759,690,-69,69,22,21,-1,1,737,669,-68,68
388,358,-30,30,26,22,-4,4,362,336,-26,26
141,195,54,54,14,25,11,11,127,170,43,43
172,179,7,7,11,21,10,10,161,158,-3,3
232,239,7,7,24,18,-6,6,208,221,13,13
214,227,13,13,14,23,9,9,200,204,4,4
218,210,-8,8,39,19,-20,20,179,191,12,12
285,247,-38,38,20,36,16,16,265,211,-54,54
377,407,30,30,23,25,2,2,354,382,28,28
605,689,84,84,29,24,-5,5,576,665,89,89
609,624,15,15,29,25,-4,4,580,599,19,19
414,379,-35,35,14,19,5,5,400,360,-40,40
293,286,-7,7,19,13,-6,6,274,273,-1,1
198,208,10,10,14,12,-2,2,184,196,12,12
105,136,31,31,4,9,5,5,101,127,26,26
74,68,-6,6,5,5,0,0,69,63,-6,6
44,41,-3,3,1,3,2,2,43,38,-5,5
16,21,5,5,0,1,1,1,16,20,4,4
9,7,-2,2,0,0,0,0,9,7,-2,2
2,4,2,2,0,0,0,0,2,4,2,2
9,4,-5,5,1,0,-1,1,8,4,-4,4
32,32,0,0,0,0,0,0,32,32,0,0
124,127,3,3,2,3,1,1,122,124,2,2
389,339,-50,50,8,5,-3,3,381,334,-47,47
659,705,46,46,13,20,7,7,646,685,39,39
276,316,40,40,19,16,-3,3,257,300,43,43
145,142,-3,3,23,22,-1,1,122,120,-2,2
178,168,-10,10,16,22,6,6,162,146,-16,16
235,235,0,0,29,18,-11,11,206,217,11,11
245,219,-26,26,33,24,-9,9,212,195,-17,17
212,214,2,2,37,33,-4,4,175,181,6,6
270,235,-35,35,38,35,-3,3,232,200,-32,32
331,385,54,54,39,34,-5,5,292,351,59,59
617,541,-76,76,31,31,0,0,586,510,-76,76
565,536,-29,29,23,19,-4,4,542,517,-25,25
373,346,-27,27,13,14,1,1,360,332,-28,28
227,260,33,33,5,10,5,5,222,250,28,28
191,169,-22,22,7,6,-1,1,184,163,-21,21
133,133,0,0,2,5,3,3,131,128,-3,3
93,88,-5,5,0,3,3,3,93,85,-8,8
48,58,10,10,3,1,-2,2,45,57,12,12
28,24,-4,4,2,1,-1,1,26,23,-3,3
11,12,1,1,0,1,1,1,11,11,0,0
5,4,-1,1,0,0,0,0,5,4,-1,1
10,6,-4,4,0,1,1,1,10,5,-5,5
26,31,5,5,1,1,0,0,25,30,5,5
84,101,17,17,0,2,2,2,84,99,15,15
215,204,-11,11,3,4,1,1,212,200,-12,12
441,479,38,38,11,13,2,2,430,466,36,36
301,259,-42,42,10,15,5,5,291,244,-47,47
166,154,-12,12,16,15,-1,1,150,139,-11,11
203,187,-16,16,20,19,-1,1,183,168,-15,15
240,245,5,5,36,22,-14,14,204,223,19,19
220,235,15,15,23,38,15,15,197,197,0,0
215,204,-11,11,40,29,-11,11,175,175,0,0
303,233,-70,70,34,35,1,1,269,198,-71,71
375,361,-14,14,39,35,-4,4,336,326,-10,10
568,538,-30,30,29,34,5,5,539,504,-35,35
498,468,-30,30,25,19,-6,6,473,449,-24,24
352,333,-19,19,15,15,0,0,337,318,-19,19
241,199,-42,42,12,10,-2,2,229,189,-40,40
171,180,9,9,9,10,1,1,162,170,8,8
165,137,-28,28,15,8,-7,7,150,129,-21,21
122,118,-4,4,6,8,2,2,116,110,-6,6
103,87,-16,16,5,6,1,1,98,81,-17,17
100,71,-29,29,16,3,-13,13,84,68,-16,16
70,68,-2,2,3,7,4,4,67,61,-6,6
29,39,10,10,6,3,-3,3,23,36,13,13
12,12,0,0,3,2,-1,1,9,10,1,1
6,13,7,7,2,1,-1,1,4,12,8,8
20,22,2,2,1,4,3,3,19,18,-1,1
39,64,25,25,3,5,2,2,36,59,23,23
111,111,0,0,5,9,4,4,106,102,-4,4
170,186,16,16,17,14,-3,3,153,172,19,19
287,213,-74,74,43,31,-12,12,244,182,-62,62
404,320,-84,84,63,56,-7,7,341,264,-77,77
486,412,-74,74,122,79,-43,43,364,333,-31,31
547,441,-106,106,148,116,-32,32,399,325,-74,74
542,450,-92,92,164,120,-44,44,378,330,-48,48
541,469,-72,72,167,131,-36,36,374,338,-36,36
507,411,-96,96,139,120,-19,19,368,291,-77,77
345,312,-33,33,77,82,5,5,268,230,-38,38
304,230,-74,74,40,50,10,10,264,180,-84,84
246,246,0,0,34,24,-10,10,212,222,10,10
182,183,1,1,20,21,1,1,162,162,0,0
209,159,-50,50,34,18,-16,16,175,141,-34,34
160,166,6,6,23,19,-4,4,137,147,10,10
162,127,-35,35,18,14,-4,4,144,113,-31,31
118,121,3,3,15,10,-5,5,103,111,8,8
102,89,-13,13,17,10,-7,7,85,79,-6,6
78,77,-1,1,8,9,1,1,70,68,-2,2
48,43,-5,5,14,5,-9,9,34,38,4,4
12,21,9,9,1,5,4,4,11,16,5,5
8,9,1,1,0,2,2,2,8,7,-1,1
6,15,9,9,0,1,1,1,6,14,8,8
23,17,-6,6,1,3,2,2,22,14,-8,8
69,55,-14,14,1,5,4,4,68,50,-18,18
103,126,23,23,9,12,3,3,94,114,20,20
219,182,-37,37,39,22,-17,17,180,160,-20,20
250,290,40,40,40,59,19,19,210,231,21,21
315,312,-3,3,60,50,-10,10,255,262,7,7
285,335,50,50,65,60,-5,5,220,275,55,55
232,300,68,68,42,62,20,20,190,238,48,48
225,191,-34,34,25,36,11,11,200,155,-45,45
253,193,-60,60,33,19,-14,14,220,174,-46,46
229,200,-29,29,20,23,3,3,209,177,-32,32
198,159,-39,39,17,14,-3,3,181,145,-36,36
122,137,15,15,12,11,-1,1,110,126,16,16
108,93,-15,15,6,9,3,3,102,84,-18,18
96,104,8,8,10,9,-1,1,86,95,9,9
78,74,-4,4,3,7,4,4,75,67,-8,8
51,58,7,7,3,4,1,1,48,54,6,6
20,27,7,7,0,2,2,2,20,25,5,5
4,16,12,12,0,2,2,2,4,14,10,10
5,9,4,4,2,1,-1,1,3,8,5,5
4,10,6,6,0,2,2,2,4,8,4,4
12,7,-5,5,3,1,-2,2,9,6,-3,3
27,22,-5,5,0,1,1,1,27,21,-6,6
123,98,-25,25,2,2,0,0,121,96,-25,25
294,334,40,40,3,5,2,2,291,329,38,38
584,528,-56,56,9,8,-1,1,575,520,-55,55
284,272,-12,12,11,12,1,1,273,260,-13,13
133,124,-9,9,12,17,5,5,121,107,-14,14
134,111,-23,23,8,12,4,4,126,99,-27,27
173,126,-47,47,23,7,-16,16,150,119,-31,31
220,128,-92,92,30,14,-16,16,190,114,-76,76
210,204,-6,6,31,26,-5,5,179,178,-1,1
236,228,-8,8,29,33,4,4,207,195,-12,12
345,319,-26,26,37,29,-8,8,308,290,-18,18
616,588,-28,28,38,33,-5,5,578,555,-23,23
564,530,-34,34,20,24,4,4,544,506,-38,38
427,361,-66,66,18,19,1,1,409,342,-67,67
300,275,-25,25,13,12,-1,1,287,263,-24,24
245,203,-42,42,21,9,-12,12,224,194,-30,30
126,172,46,46,11,12,1,1,115,160,45,45
84,73,-11,11,8,8,0,0,76,65,-11,11
31,31,0,0,2,3,1,1,29,28,-1,1
8,11,3,3,1,1,0,0,7,10,3,3
1,5,4,4,0,1,1,1,1,4,3,3
3,2,-1,1,0,0,0,0,3,2,-1,1
8,6,-2,2,0,1,1,1,8,5,-3,3
41,20,-21,21,1,0,-1,1,40,20,-20,20
118,142,24,24,0,2,2,2,118,140,22,22
380,325,-55,55,8,4,-4,4,372,321,-51,51
724,596,-128,128,16,14,-2,2,708,582,-126,126
334,326,-8,8,12,17,5,5,322,309,-13,13
154,163,9,9,12,18,6,6,142,145,3,3
173,165,-8,8,28,14,-14,14,145,151,6,6
226,200,-26,26,13,26,13,13,213,174,-39,39
254,205,-49,49,28,18,-10,10,226,187,-39,39
204,211,7,7,19,26,7,7,185,185,0,0
270,227,-43,43,20,23,3,3,250,204,-46,46
358,350,-8,8,24,19,-5,5,334,331,-3,3
601,590,-11,11,21,17,-4,4,580,573,-7,7
546,521,-25,25,23,13,-10,10,523,508,-15,15
433,351,-82,82,21,11,-10,10,412,340,-72,72
257,289,32,32,9,12,3,3,248,277,29,29
207,194,-13,13,14,8,-6,6,193,186,-7,7
106,137,31,31,6,9,3,3,100,128,28,28
64,62,-2,2,4,5,1,1,60,57,-3,3
34,30,-4,4,1,2,1,1,33,28,-5,5
21,14,-7,7,3,1,-2,2,18,13,-5,5
9,8,-1,1,5,1,-4,4,4,7,3,3
10,5,-5,5,3,2,-1,1,7,3,-4,4
4,7,3,3,0,1,1,1,4,6,2,2
37,30,-7,7,0,1,1,1,37,29,-8,8
128,135,7,7,2,2,0,0,126,133,7,7
369,334,-35,35,3,6,3,3,366,328,-38,38
688,657,-31,31,18,11,-7,7,670,646,-24,24
285,331,46,46,13,19,6,6,272,312,40,40
136,135,-1,1,20,14,-6,6,116,121,5,5
172,160,-12,12,24,20,-4,4,148,140,-8,8
232,211,-21,21,14,22,8,8,218,189,-29,29
238,225,-13,13,18,17,-1,1,220,208,-12,12
225,198,-27,27,34,18,-16,16,191,180,-11,11
228,235,7,7,21,28,7,7,207,207,0,0
329,331,2,2,19,20,1,1,310,311,1,1
561,532,-29,29,21,15,-6,6,540,517,-23,23
540,504,-36,36,25,12,-13,13,515,492,-23,23
402,351,-51,51,18,10,-8,8,384,341,-43,43
268,271,3,3,25,12,-13,13,243,259,16,16
202,180,-22,22,16,9,-7,7,186,171,-15,15
122,134,12,12,4,9,5,5,118,125,7,7
79,68,-11,11,3,4,1,1,76,64,-12,12
32,43,11,11,1,1,0,0,31,42,11,11
23,17,-6,6,4,1,-3,3,19,16,-3,3
8,10,2,2,3,2,-1,1,5,8,3,3
2,5,3,3,0,1,1,1,2,4,2,2
8,5,-3,3,0,1,1,1,8,4,-4,4
33,30,-3,3,2,1,-1,1,31,29,-2,2
114,122,8,8,2,3,1,1,112,119,7,7
385,329,-56,56,5,5,0,0,380,324,-56,56
679,657,-22,22,24,13,-11,11,655,644,-11,11
325,325,0,0,25,20,-5,5,300,305,5,5
167,159,-8,8,28,25,-3,3,139,134,-5,5
189,195,6,6,25,32,7,7,164,163,-1,1
282,239,-43,43,30,24,-6,6,252,215,-37,37
271,257,-14,14,41,29,-12,12,230,228,-2,2
242,238,-4,4,31,40,9,9,211,198,-13,13
280,255,-25,25,40,30,-10,10,240,225,-15,15
406,351,-55,55,50,32,-18,18,356,319,-37,37
550,559,9,9,43,33,-10,10,507,526,19,19
466,501,35,35,20,25,5,5,446,476,30,30
348,324,-24,24,20,14,-6,6,328,310,-18,18
241,242,1,1,6,12,6,6,235,230,-5,5
213,182,-31,31,13,6,-7,7,200,176,-24,24
148,147,-1,1,7,6,-1,1,141,141,0,0
120,94,-26,26,5,5,0,0,115,89,-26,26
47,69,22,22,4,2,-2,2,43,67,24,24
26,24,-2,2,0,2,2,2,26,22,-4,4
9,12,3,3,3,1,-2,2,6,11,5,5
12,4,-8,8,0,1,1,1,12,3,-9,9
10,6,-4,4,1,0,-1,1,9,6,-3,3
34,28,-6,6,0,1,1,1,34,27,-7,7
113,128,15,15,1,2,1,1,112,126,14,14
308,320,12,12,3,4,1,1,305,316,11,11
636,556,-80,80,13,12,-1,1,623,544,-79,79
343,313,-30,30,13,15,2,2,330,298,-32,32
190,168,-22,22,28,18,-10,10,162,150,-12,12
211,220,9,9,31,32,1,1,180,188,8,8
273,270,-3,3,29,38,9,9,244,232,-12,12
313,260,-53,53,39,31,-8,8,274,229,-45,45
299,265,-34,34,48,39,-9,9,251,226,-25,25
309,305,-4,4,57,44,-13,13,252,261,9,9
417,394,-23,23,45,50,5,5,372,344,-28,28
622,512,-110,110,40,38,-2,2,582,474,-108,108
455,456,1,1,23,23,0,0,432,433,1,1
319,309,-10,10,17,16,-1,1,302,293,-9,9
221,224,3,3,12,11,-1,1,209,213,4,4
172,166,-6,6,7,9,2,2,165,157,-8,8
138,137,-1,1,4,7,3,3,134,130,-4,4
134,102,-32,32,11,3,-8,8,123,99,-24,24
94,92,-2,2,4,6,2,2,90,86,-4,4
95,70,-25,25,9,4,-5,5,86,66,-20,20
69,64,-5,5,6,4,-2,2,63,60,-3,3
23,36,13,13,5,3,-2,2,18,33,15,15
6,10,4,4,1,2,1,1,5,8,3,3
3,17,14,14,0,1,1,1,3,16,13,13
11,22,11,11,0,2,2,2,11,20,9,9
48,39,-9,9,1,3,2,2,47,36,-11,11
119,120,1,1,8,8,0,0,111,112,1,1
220,188,-32,32,17,18,1,1,203,170,-33,33
273,282,9,9,23,35,12,12,250,247,-3,3
393,327,-66,66,66,50,-16,16,327,277,-50,50
453,426,-27,27,89,80,-9,9,364,346,-18,18
456,444,-12,12,88,109,21,21,368,335,-33,33
426,423,-3,3,92,99,7,7,334,324,-10,10
447,388,-59,59,95,89,-6,6,352,299,-53,53
413,394,-19,19,85,78,-7,7,328,316,-12,12
309,353,44,44,35,61,26,26,274,292,18,18
272,245,-27,27,40,26,-14,14,232,219,-13,13
257,218,-39,39,32,24,-8,8,225,194,-31,31
201,198,-3,3,23,19,-4,4,178,179,1,1
184,169,-15,15,15,17,2,2,169,152,-17,17
156,149,-7,7,22,12,-10,10,134,137,3,3
119,123,4,4,11,13,2,2,108,110,2,2
110,94,-16,16,8,9,1,1,102,85,-17,17
96,79,-17,17,14,5,-9,9,82,74,-8,8
87,72,-15,15,8,8,0,0,79,64,-15,15
38,49,11,11,1,6,5,5,37,43,6,6
11,16,5,5,1,1,0,0,10,15,5,5
9,7,-2,2,0,1,1,1,9,6,-3,3
6,20,14,14,0,2,2,2,6,18,12,12
27,24,-3,3,5,5,0,0,22,19,-3,3
88,76,-12,12,12,10,-2,2,76,66,-10,10
132,142,10,10,19,20,1,1,113,122,9,9
257,204,-53,53,42,32,-10,10,215,172,-43,43
295,314,19,19,47,59,12,12,248,255,7,7
417,350,-67,67,67,61,-6,6,350,289,-61,61
356,398,42,42,67,74,7,7,289,324,35,35
310,350,40,40,50,68,18,18,260,282,22,22
338,310,-28,28,46,48,2,2,292,262,-30,30
400,278,-122,122,66,43,-23,23,334,235,-99,99
243,279,36,36,29,41,12,12,214,238,24,24
107,156,49,49,8,20,12,12,99,136,37,37
109,111,2,2,10,11,1,1,99,100,1,1
122,99,-23,23,14,8,-6,6,108,91,-17,17
106,113,7,7,14,10,-4,4,92,103,11,11
89,91,2,2,6,11,5,5,83,80,-3,3
33,76,43,43,4,6,2,2,29,70,41,41
28,24,-4,4,2,3,1,1,26,21,-5,5
15,17,2,2,1,2,1,1,14,15,1,1
5,10,5,5,1,1,0,0,4,9,5,5
3,9,6,6,0,1,1,1,3,8,5,5
5,4,-1,1,2,0,-2,2,3,4,1,1
24,21,-3,3,0,1,1,1,24,20,-4,4
108,95,-13,13,1,2,1,1,107,93,-14,14
319,320,1,1,5,5,0,0,314,315,1,1
592,535,-57,57,10,10,0,0,582,525,-57,57
282,277,-5,5,11,13,2,2,271,264,-7,7
135,135,0,0,15,16,1,1,120,119,-1,1
170,162,-8,8,22,19,-3,3,148,143,-5,5
232,210,-22,22,21,20,-1,1,211,190,-21,21
210,218,8,8,16,18,2,2,194,200,6,6
181,197,16,16,12,18,6,6,169,179,10,10
211,208,-3,3,15,16,1,1,196,192,-4,4
302,286,-16,16,15,9,-6,6,287,277,-10,10
495,466,-29,29,17,13,-4,4,478,453,-25,25
507,446,-61,61,14,13,-1,1,493,433,-60,60
340,342,2,2,7,11,4,4,333,331,-2,2
200,221,21,21,8,7,-1,1,192,214,22,22
120,141,21,21,6,7,1,1,114,134,20,20
54,89,35,35,5,6,1,1,49,83,34,34
47,25,-22,22,6,4,-2,2,41,21,-20,20
18,17,-1,1,0,3,3,3,18,14,-4,4
15,9,-6,6,0,1,1,1,15,8,-7,7
7,8,1,1,2,1,-1,1,5,7,2,2
5,5,0,0,0,1,1,1,5,4,-1,1
8,6,-2,2,3,1,-2,2,5,5,0,0
36,26,-10,10,0,1,1,1,36,25,-11,11
118,138,20,20,1,2,1,1,117,136,19,19
355,340,-15,15,4,5,1,1,351,335,-16,16
662,619,-43,43,10,11,1,1,652,608,-44,44
326,298,-28,28,19,12,-7,7,307,286,-21,21
184,166,-18,18,22,21,-1,1,162,145,-17,17
269,211,-58,58,58,26,-32,32,211,185,-26,26
313,257,-56,56,49,42,-7,7,264,215,-49,49
286,287,1,1,51,49,-2,2,235,238,3,3
247,249,2,2,56,47,-9,9,191,202,11,11
246,264,18,18,28,49,21,21,218,215,-3,3
363,335,-28,28,40,31,-9,9,323,304,-19,19
572,544,-28,28,39,30,-9,9,533,514,-19,19
525,484,-41,41,13,24,11,11,512,460,-52,52
353,356,3,3,19,12,-7,7,334,344,10,10
268,234,-34,34,4,11,7,7,264,223,-41,41
168,189,21,21,9,6,-3,3,159,183,24,24
132,114,-18,18,5,5,0,0,127,109,-18,18
81,75,-6,6,1,4,3,3,80,71,-9,9
41,36,-5,5,6,1,-5,5,35,35,0,0
15,18,3,3,1,2,1,1,14,16,2,2
3,8,5,5,1,1,0,0,2,7,5,5
5,4,-1,1,0,1,1,1,5,3,-2,2
7,6,-1,1,1,1,0,0,6,5,-1,1
31,32,1,1,2,1,-1,1,29,31,2,2
112,110,-2,2,3,3,0,0,109,107,-2,2
363,326,-37,37,3,6,3,3,360,320,-40,40
678,648,-30,30,13,9,-4,4,665,639,-26,26
317,321,4,4,8,14,6,6,309,307,-2,2
164,161,-3,3,17,14,-3,3,147,147,0,0
200,193,-7,7,31,26,-5,5,169,167,-2,2
236,252,16,16,33,31,-2,2,203,221,18,18
213,237,24,24,30,34,4,4,183,203,20,20
218,203,-15,15,33,31,-2,2,185,172,-13,13
237,242,5,5,28,32,4,4,209,210,1,1
334,336,2,2,37,28,-9,9,297,308,11,11
562,551,-11,11,26,33,7,7,536,518,-18,18
569,505,-64,64,23,18,-5,5,546,487,-59,59
336,362,26,26,7,15,8,8,329,347,18,18
241,235,-6,6,10,7,-3,3,231,228,-3,3
168,175,7,7,4,7,3,3,164,168,4,4
129,125,-4,4,12,4,-8,8,117,121,4,4
88,74,-14,14,4,5,1,1,84,69,-15,15
42,52,10,10,2,3,1,1,40,49,9,9
20,20,0,0,1,1,0,0,19,19,0,0
8,9,1,1,2,1,-1,1,6,8,2,2
4,6,2,2,1,1,0,0,3,5,2,2
6,6,0,0,0,1,1,1,6,5,-1,1
35,28,-7,7,0,1,1,1,35,27,-8,8
118,133,15,15,4,3,-1,1,114,130,16,16
350,344,-6,6,4,8,4,4,346,336,-10,10
599,661,62,62,14,13,-1,1,585,648,63,63
317,308,-9,9,14,15,1,1,303,293,-10,10
161,159,-2,2,23,17,-6,6,138,142,4,4
190,184,-6,6,22,26,4,4,168,158,-10,10
212,240,28,28,31,27,-4,4,181,213,32,32
217,204,-13,13,46,29,-17,17,171,175,4,4
214,203,-11,11,43,41,-2,2,171,162,-9,9
249,230,-19,19,33,38,5,5,216,192,-24,24
302,330,28,28,21,32,11,11,281,298,17,17
475,485,10,10,25,18,-7,7,450,467,17,17
381,489,108,108,22,13,-9,9,359,476,117,117
118,232,114,114,3,11,8,8,115,221,106,106
50,84,34,34,1,5,4,4,49,79,30,30
26,42,16,16,1,2,1,1,25,40,15,15
21,28,7,7,1,2,1,1,20,26,6,6
13,19,6,6,0,2,2,2,13,17,4,4
17,12,-5,5,0,1,1,1,17,11,-6,6
9,8,-1,1,2,0,-2,2,7,8,1,1
3,4,1,1,0,1,1,1,3,3,0,0
3,1,-2,2,0,0,0,0,3,1,-2,2
6,4,-2,2,1,0,-1,1,5,4,-1,1
13,28,15,15,0,1,1,1,13,27,14,14
80,66,-14,14,4,2,-2,2,76,64,-12,12
208,199,-9,9,3,8,5,5,205,191,-14,14
472,492,20,20,8,11,3,3,464,481,17,17
267,279,12,12,2,12,10,10,265,267,2,2
154,138,-16,16,8,11,3,3,146,127,-19,19
162,171,9,9,12,14,2,2,150,157,7,7
224,201,-23,23,25,17,-8,8,199,184,-15,15
240,205,-35,35,26,22,-4,4,214,183,-31,31
219,202,-17,17,20,25,5,5,199,177,-22,22
263,228,-35,35,29,23,-6,6,234,205,-29,29
281,306,25,25,28,20,-8,8,253,286,33,33
321,394,73,73,24,20,-4,4,297,374,77,77
243,312,69,69,7,12,5,5,236,300,64,64
153,181,28,28,5,8,3,3,148,173,25,25
112,103,-9,9,8,4,-4,4,104,99,-5,5
70,76,6,6,2,4,2,2,68,72,4,4
63,48,-15,15,6,3,-3,3,57,45,-12,12
40,35,-5,5,1,3,2,2,39,32,-7,7
31,27,-4,4,1,1,0,0,30,26,-4,4
35,18,-17,17,1,1,0,0,34,17,-17,17
23,23,0,0,0,1,1,1,23,22,-1,1
7,8,1,1,0,1,1,1,7,7,0,0
5,3,-2,2,3,0,-3,3,2,3,1,1
5,8,3,3,0,1,1,1,5,7,2,2
13,14,1,1,0,2,2,2,13,12,-1,1
20,39,19,19,2,3,1,1,18,36,18,18
29,50,21,21,0,6,6,6,29,44,15,15
90,76,-14,14,13,10,-3,3,77,66,-11,11
118,143,25,25,13,22,9,9,105,121,16,16
159,175,16,16,29,23,-6,6,130,152,22,22
146,208,62,62,18,40,22,22,128,168,40,40
158,191,33,33,23,36,13,13,135,155,20,20
161,173,12,12,20,27,7,7,141,146,5,5
153,181,28,28,14,25,11,11,139,156,17,17
147,160,13,13,23,19,-4,4,124,141,17,17
114,142,28,28,15,14,-1,1,99,128,29,29
82,108,26,26,7,10,3,3,75,98,23,23
60,70,10,10,9,7,-2,2,51,63,12,12
61,53,-8,8,6,7,1,1,55,46,-9,9
53,54,1,1,4,5,1,1,49,49,0,0
39,47,8,8,1,4,3,3,38,43,5,5
40,34,-6,6,3,2,-1,1,37,32,-5,5
27,29,2,2,3,2,-1,1,24,27,3,3
20,20,0,0,1,2,1,1,19,18,-1,1
18,14,-4,4,1,1,0,0,17,13,-4,4
9,7,-2,2,0,1,1,1,9,6,-3,3
4,3,-1,1,1,0,-1,1,3,3,0,0
6,4,-2,2,0,0,0,0,6,4,-2,2
9,13,4,4,4,1,-3,3,5,12,7,7
19,21,2,2,3,6,3,3,16,15,-1,1
48,43,-5,5,5,6,1,1,43,37,-6,6
56,86,30,30,7,14,7,7,49,72,23,23
93,96,3,3,26,16,-10,10,67,80,13,13
152,137,-15,15,48,41,-7,7,104,96,-8,8
196,206,10,10,52,55,3,3,144,151,7,7
186,216,30,30,63,61,-2,2,123,155,32,32
175,197,22,22,57,60,3,3,118,137,19,19
137,198,61,61,39,53,14,14,98,145,47,47
190,156,-34,34,53,34,-19,19,137,122,-15,15
114,139,25,25,21,28,7,7,93,111,18,18
93,119,26,26,8,14,6,6,85,105,20,20
58,82,24,24,4,8,4,4,54,74,20,20
52,50,-2,2,0,5,5,5,52,45,-7,7
42,47,5,5,4,3,-1,1,38,44,6,6
58,36,-22,22,5,3,-2,2,53,33,-20,20
25,41,16,16,3,3,0,0,22,38,16,16
12,11,-1,1,0,2,2,2,12,9,-3,3
11,7,-4,4,0,0,0,0,11,7,-4,4
5,6,1,1,0,0,0,0,5,6,1,1
3,3,0,0,1,0,-1,1,2,3,1,1
9,15,6,6,0,0,0,0,9,15,6,6
17,46,29,29,1,1,0,0,16,45,29,29
30,71,41,41,3,3,0,0,27,68,41,41
66,84,18,18,4,5,1,1,62,79,17,17
85,95,10,10,17,7,-10,10,68,88,20,20
103,98,-5,5,21,14,-7,7,82,84,2,2
124,117,-7,7,20,21,1,1,104,96,-8,8
135,156,21,21,22,19,-3,3,113,137,24,24
70,115,45,45,16,10,-6,6,54,105,51,51
46,59,13,13,13,8,-5,5,33,51,18,18
33,60,27,27,6,8,2,2,27,52,25,25
33,68,35,35,6,5,-1,1,27,63,36,36
26,82,56,56,7,4,-3,3,19,78,59,59
26,46,20,20,6,5,-1,1,20,41,21,21
18,27,9,9,4,4,0,0,14,23,9,9
23,16,-7,7,6,2,-4,4,17,14,-3,3
22,22,0,0,13,3,-10,10,9,19,10,10
12,22,10,10,7,6,-1,1,5,16,11,11
11,14,3,3,1,5,4,4,10,9,-1,1
13,7,-6,6,3,1,-2,2,10,6,-4,4
13,7,-6,6,0,1,1,1,13,6,-7,7
7,9,2,2,0,1,1,1,7,8,1,1
1,3,2,2,0,0,0,0,1,3,2,2
3,7,4,4,2,0,-2,2,1,7,6,6
7,17,10,10,1,2,1,1,6,15,9,9
6,27,21,21,0,2,2,2,6,25,19,19
11,34,23,23,1,3,2,2,10,31,21,21
28,40,12,12,7,5,-2,2,21,35,14,14
32,77,45,45,11,16,5,5,21,61,40,40
86,78,-8,8,43,19,-24,24,43,59,16,16
114,125,11,11,62,43,-19,19,52,82,30,30
121,143,22,22,75,64,-11,11,46,79,33,33
126,139,13,13,58,72,14,14,68,67,-1,1
107,141,34,34,51,54,3,3,56,87,31,31
86,124,38,38,48,45,-3,3,38,79,41,41
50,101,51,51,16,29,13,13,34,72,38,38
43,43,0,0,20,13,-7,7,23,30,7,7
36,31,-5,5,16,11,-5,5,20,20,0,0
40,23,-17,17,11,10,-1,1,29,13,-16,16
34,34,0,0,8,8,0,0,26,26,0,0
19,25,6,6,3,5,2,2,16,20,4,4
30,12,-18,18,4,3,-1,1,26,9,-17,17
9,14,5,5,1,2,1,1,8,12,4,4
7,5,-2,2,0,1,1,1,7,4,-3,3
1,6,5,5,0,1,1,1,1,5,4,4
2,2,0,0,0,0,0,0,2,2,0,0
2,2,0,0,0,0,0,0,2,2,0,0
11,14,3,3,0,0,0,0,11,14,3,3
36,51,15,15,0,1,1,1,36,50,14,14
26,103,77,77,0,2,2,2,26,101,75,75
31,67,36,36,0,2,2,2,31,65,34,34
23,48,25,25,1,1,0,0,22,47,25,25
8,37,29,29,0,2,2,2,8,35,27,27
10,28,18,18,0,1,1,1,10,27,17,17
10,36,26,26,0,0,0,0,10,36,26,26
15,34,19,19,0,0,0,0,15,34,19,19
20,40,20,20,0,0,0,0,20,40,20,20
13,46,33,33,0,0,0,0,13,46,33,33
13,47,34,34,0,0,0,0,13,47,34,34
53,47,-6,6,2,3,1,1,51,44,-7,7
43,46,3,3,1,2,1,1,42,44,2,2
35,36,1,1,2,1,-1,1,33,35,2,2
32,27,-5,5,0,2,2,2,32,25,-7,7
20,29,9,9,0,2,2,2,20,27,7,7
11,15,4,4,0,1,1,1,11,14,3,3
10,11,1,1,2,1,-1,1,8,10,2,2
3,4,1,1,0,1,1,1,3,3,0,0
5,2,-3,3,0,0,0,0,5,2,-3,3
2,3,1,1,0,0,0,0,2,3,1,1
1,2,1,1,0,0,0,0,1,2,1,1
3,0,-3,3,0,0,0,0,3,0,-3,3
11,16,5,5,1,1,0,0,10,15,5,5
45,46,1,1,0,1,1,1,45,45,0,0
90,124,34,34,0,3,3,3,90,121,31,31
208,218,10,10,2,4,2,2,206,214,8,8
133,154,21,21,6,4,-2,2,127,150,23,23
75,80,5,5,8,8,0,0,67,72,5,5
103,89,-14,14,23,10,-13,13,80,79,-1,1
109,121,12,12,22,22,0,0,87,99,12,12
118,122,4,4,19,22,3,3,99,100,1,1
119,115,-4,4,25,18,-7,7,94,97,3,3
120,126,6,6,31,20,-11,11,89,106,17,17
174,148,-26,26,23,23,0,0,151,125,-26,26
257,216,-41,41,30,16,-14,14,227,200,-27,27
197,241,44,44,9,14,5,5,188,227,39,39
117,129,12,12,11,8,-3,3,106,121,15,15
91,74,-17,17,12,7,-5,5,79,67,-12,12
63,57,-6,6,12,5,-7,7,51,52,1,1
44,38,-6,6,11,6,-5,5,33,32,-1,1
26,24,-2,2,2,5,3,3,24,19,-5,5
25,12,-13,13,3,2,-1,1,22,10,-12,12
9,10,1,1,0,1,1,1,9,9,0,0
5,5,0,0,0,1,1,1,5,4,-1,1
2,3,1,1,0,0,0,0,2,3,1,1
4,3,-1,1,0,1,1,1,4,2,-2,2
15,18,3,3,0,1,1,1,15,17,2,2
51,72,21,21,2,1,-1,1,49,71,22,22
112,130,18,18,1,4,3,3,111,126,15,15
239,253,14,14,1,4,3,3,238,249,11,11
191,167,-24,24,18,3,-15,15,173,164,-9,9
162,108,-54,54,77,14,-63,63,85,94,9,9
178,165,-13,13,71,74,3,3,107,91,-16,16
222,207,-15,15,72,72,0,0,150,135,-15,15
222,205,-17,17,76,70,-6,6,146,135,-11,11
261,195,-66,66,84,71,-13,13,177,124,-53,53
225,243,18,18,74,69,-5,5,151,174,23,23
250,256,6,6,42,58,16,16,208,198,-10,10
271,378,107,107,43,41,-2,2,228,337,109,109
213,251,38,38,16,21,5,5,197,230,33,33
128,147,19,19,15,13,-2,2,113,134,21,21
97,83,-14,14,14,8,-6,6,83,75,-8,8
92,70,-22,22,17,8,-9,9,75,62,-13,13
62,60,-2,2,13,9,-4,4,49,51,2,2
59,35,-24,24,5,7,2,2,54,28,-26,26
26,42,16,16,1,4,3,3,25,38,13,13
37,16,-21,21,6,1,-5,5,31,15,-16,16
19,22,3,3,1,3,2,2,18,19,1,1
6,8,2,2,1,1,0,0,5,7,2,2
3,3,0,0,0,0,0,0,3,3,0,0
3,8,5,5,0,0,0,0,3,8,5,5
7,12,5,5,0,2,2,2,7,10,3,3
18,28,10,10,1,3,2,2,17,25,8,8
44,52,8,8,9,4,-5,5,35,48,13,13
49,83,34,34,16,14,-2,2,33,69,36,36
41,82,41,41,6,27,21,21,35,55,20,20
45,61,16,16,7,12,5,5,38,49,11,11
48,57,9,9,5,8,3,3,43,49,6,6
84,61,-23,23,13,5,-8,8,71,56,-15,15
98,108,10,10,10,21,11,11,88,87,-1,1
129,131,2,2,19,16,-3,3,110,115,5,5
147,158,11,11,22,20,-2,2,125,138,13,13
118,130,12,12,18,15,-3,3,100,115,15,15
110,112,2,2,8,12,4,4,102,100,-2,2
97,93,-4,4,7,7,0,0,90,86,-4,4
66,76,10,10,2,6,4,4,64,70,6,6
60,60,0,0,4,3,-1,1,56,57,1,1
54,51,-3,3,3,3,0,0,51,48,-3,3
32,45,13,13,0,3,3,3,32,42,10,10
41,22,-19,19,0,1,1,1,41,21,-20,20
28,33,5,5,1,2,1,1,27,31,4,4
19,17,-2,2,0,1,1,1,19,16,-3,3
15,7,-8,8,1,1,0,0,14,6,-8,8
7,5,-2,2,0,0,0,0,7,5,-2,2
2,3,1,1,0,0,0,0,2,3,1,1
8,7,-1,1,1,1,0,0,7,6,-1,1
13,22,9,9,0,3,3,3,13,19,6,6
33,35,2,2,1,5,4,4,32,30,-2,2
74,68,-6,6,9,9,0,0,65,59,-6,6
122,112,-10,10,31,15,-16,16,91,97,6,6
136,163,27,27,33,43,10,10,103,120,17,17
144,183,39,39,47,45,-2,2,97,138,41,41
169,167,-2,2,49,50,1,1,120,117,-3,3
160,179,19,19,39,51,12,12,121,128,7,7
138,173,35,35,37,40,3,3,101,133,32,32
133,149,16,16,31,33,2,2,102,116,14,14
123,122,-1,1,26,21,-5,5,97,101,4,4
125,113,-12,12,12,13,1,1,113,100,-13,13
102,108,6,6,16,12,-4,4,86,96,10,10
72,74,2,2,9,10,1,1,63,64,1,1
47,61,14,14,5,7,2,2,42,54,12,12
36,43,7,7,6,3,-3,3,30,40,10,10
49,25,-24,24,10,3,-7,7,39,22,-17,17
34,23,-11,11,4,3,-1,1,30,20,-10,10
19,13,-6,6,6,1,-5,5,13,12,-1,1
11,8,-3,3,3,1,-2,2,8,7,-1,1
1,4,3,3,0,0,0,0,1,4,3,3
3,2,-1,1,0,0,0,0,3,2,-1,1
9,14,5,5,0,0,0,0,9,14,5,5
40,44,4,4,0,1,1,1,40,43,3,3
85,122,37,37,2,2,0,0,83,120,37,37
196,201,5,5,9,4,-5,5,187,197,10,10
157,147,-10,10,13,8,-5,5,144,139,-5,5
120,97,-23,23,33,17,-16,16,87,80,-7,7
157,136,-21,21,43,34,-9,9,114,102,-12,12
224,172,-52,52,52,41,-11,11,172,131,-41,41
203,190,-13,13,38,44,6,6,165,146,-19,19
247,169,-78,78,62,35,-27,27,185,134,-51,51
315,219,-96,96,69,43,-26,26,246,176,-70,70
214,336,122,122,30,55,25,25,184,281,97,97
164,277,113,113,14,31,17,17,150,246,96,96
122,155,33,33,10,16,6,6,112,139,27,27
119,89,-30,30,11,8,-3,3,108,81,-27,27
89,76,-13,13,8,6,-2,2,81,70,-11,11
90,59,-31,31,7,5,-2,2,83,54,-29,29
61,61,0,0,13,6,-7,7,48,55,7,7
49,35,-14,14,12,8,-4,4,37,27,-10,10
